700605000000000030509300024002000000401907052000501000004050000310492000007003000
000004073000690500007200400075320090006580000020079006080060020000000030060000008
000600800570008100000029050080005000000000000002000000200030079050270600003806510
052080100000500400040000000600014000000200000028070000080002000000058607031600520
040080700000063800021000040030100000000070000010940000006700409002000100007020600
740200089012090400800300607000000060104000003060000070091403000306700000000009000
100060000600203000009150000006047953034000160050000007500020000071000039000000000
308007450009054000000300000405008000700560300060002000900000200600000780020800000
120003040365000210074000000800000000003068000010054030031070000640502000500400006
900400700007200060000000008423000000000000413600000000000000031860000090010940602
100460509002030004005002000003100400060000700719000003054000000290650340000000000
000090007002418300004023085040950002000000901170200400300080000005040000000000000
000090045000000080058230700069080020200000000043000000536079000080000300070040090
004000000000000056000273001000407000000810040000026100000005030035700284860000005
000080061000916250040050308002000000084203000000000000901830020020005000005400003
000010400009000100000000050050009070004250300700634090000000010500900706040701200
001002900000000000000700060508090007009103500030020600090076052002000000000005780
060004008000900050007000040000053096400200570009000304000709060000000000004526830
008200006600090300900480150040005200002910040091340000000100060000050080000000000
000008600060005090000000473000009046000580000009006108640090730000000000170040000
401080007007050000600007102050200000200049000090700006560008000108490005000000000
060240007402300008030006000073020000000534000080007000000000000840000602205009300
000000000000000830856000001280000005000001703703000680005032090190706000000500160
000600000010090070000010000021000530090170082005000006002080060070900000080360127
070804090008000005500030200000490050036500047000000600807002000600000000042000000